function bestCWC26 = CWC26()
bestCWC26 = [1 1 1 1 1 1 0 1 1 0 0 0 0 0 0 0 0 0 0 0 1 0 0;
             0 1 0 1 0 0 0 1 1 1 0 0 0 0 1 0 1 0 1 0 0 1 0;
             0 0 1 0 1 1 1 0 1 0 1 0 0 1 0 1 0 0 0 1 0 0 0;
             1 0 1 1 1 0 0 0 0 1 0 0 0 0 0 1 1 1 0 0 0 0 1;
             1 0 0 0 0 0 0 0 1 1 0 1 0 1 0 0 1 1 1 0 1 0 0;
             0 0 0 0 0 1 0 0 0 0 0 1 1 0 0 0 1 0 1 1 1 1 1;
             0 0 0 1 0 1 0 0 1 1 1 0 1 0 0 1 0 0 1 0 1 0 0;
             0 1 0 0 0 0 0 1 1 1 1 1 0 1 0 1 0 0 0 0 0 0 1;
             0 0 0 0 1 1 0 0 0 0 1 0 0 0 1 1 0 1 0 0 1 1 1;
             0 0 0 0 1 0 1 0 1 0 0 1 1 0 1 1 1 0 0 0 0 0 1;
             1 0 0 0 0 1 1 0 1 1 0 0 0 0 1 0 0 0 0 1 1 1 0;
             0 0 0 0 1 0 0 0 0 1 1 0 1 1 1 0 0 1 1 1 0 0 0; 
             0 1 0 1 0 1 1 0 0 0 0 0 1 1 0 0 1 1 0 0 1 0 0;
             0 0 0 1 0 0 0 1 1 0 1 0 0 0 0 0 1 1 0 1 1 0 1;
             0 0 1 0 1 0 1 1 0 1 0 1 1 0 0 0 0 1 0 0 1 0 0;
             1 1 1 0 0 0 0 1 0 0 0 1 0 0 0 0 1 1 0 1 0 1 0;
             0 0 1 0 0 0 0 0 1 0 0 0 1 1 0 1 0 1 1 0 0 1 1;
             1 1 0 0 0 1 1 0 1 0 1 0 0 0 0 0 1 0 1 0 0 0 1;
             0 0 1 1 0 1 1 0 0 1 0 1 0 1 0 0 0 0 0 0 0 1 1;
             0 0 1 0 0 1 0 1 1 0 1 1 0 0 1 0 0 1 1 0 0 0 0;
             1 0 1 1 0 0 0 0 0 0 1 0 0 0 1 0 0 0 1 1 0 1 1;
             0 1 1 1 0 0 1 0 0 0 0 1 1 0 0 1 0 0 1 1 0 0 0;
             0 1 1 0 0 1 0 1 0 1 0 0 1 0 1 0 0 0 0 1 0 0 1;
             0 0 0 1 1 0 0 1 0 0 0 1 0 1 0 1 1 0 0 0 1 1 0;
             1 0 0 1 1 0 1 1 0 0 0 0 1 1 0 0 0 0 0 1 0 0 1;
             1 1 1 0 0 0 0 0 0 0 1 0 0 1 1 1 1 0 0 0 1 0 0;
];
end