function matrix = GAU4_7_1()
matrix = [ -2.6047   -1.8783    0.0015    0.1973   -0.0254   -0.9450   -0.5528;
   -0.1207    0.4499    1.9829    0.1799   -0.6871    0.9676    0.3882;
   -0.9538    0.2207   -0.7742    1.0519   -1.5819    1.0845   -0.1476;
    0.5156    0.4990   -1.2574    0.0081   -0.2253    2.0595    0.6461;];
end