function matrix = GAU4_7()
matrix = [ 0.0610   -0.1652    0.8008    1.2283   -1.2623    0.4042    0.6519;
   -1.4816   -1.1483    0.6441    1.1655    2.1617   -1.1130    1.1127;
   -2.2935   -2.0601   -0.7282   -0.4165   -1.4511    0.9855    1.3957;
    0.3897    0.0574   -0.2453    0.3227   -0.3823   -0.1688   -0.9917;];
end