function matrix = GAU5_14()
matrix = [ -1.2270    0.1522   -1.8287    1.1088    0.2340   -0.4106   -0.2355   -1.0678   -0.6134    0.2659    0.6808   0.5445    0.8202   -0.3439  
   -1.1009    0.7662    0.6488    0.1620   -0.6797    0.3742   -0.4936   -0.5579    1.0244    0.9163   -0.6944   1.0473    2.5643   -0.0055
   -1.0192    1.9595   -0.7150    0.2498   -0.4375    0.3021   -0.3709   -0.4711    0.7294    0.4394    0.0378   1.1023   -0.3796    1.3424
   -0.2173    1.3026    0.6431    1.6434   -1.2102    0.5116   -1.4780    0.3208   -0.2230    1.2680    0.6004   -1.5232    0.2418   -0.0436
    0.5874    0.0609    0.7043    1.2889    1.2246   -1.8564   -1.4033    0.2837    0.7559    1.0184   -0.1701   0.3685   -0.6254    0.7489];
end